301	35.179199	236.446762
302	35.06612	236.341248
303	35.138161	236.536713
304	35.255272	237.190384
305	35.246689	237.743896
306	35.202232	237.359467
307	35.17709	237.700592
308	35.03693	237.967773
309	35.140846	238.31723
310	35.377819	238.847885
311	35.349777	238.974243
312	35.180973	239.394531
313	35.255135	239.8013
314	35.251991	240.141739
315	35.216644	240.41568
316	35.197353	240.51416
317	35.211269	240.690308
318	35.267811	240.628632
319	35.334328	241.273544
320	35.314621	241.854675
321	35.331009	241.989044
322	35.297344	242.321457
323	35.37772	242.428009
324	35.342728	242.887665
325	35.42548	243.392334
326	35.386456	243.886444
327	35.233173	243.753555
328	35.380119	243.606613
329	35.411659	244.426041
330	35.326973	244.715363
331	35.279411	244.868927
332	35.340214	245.232452
333	35.31424	245.513489
334	35.347584	245.815979
335	35.352859	245.945236
336	35.351547	246.327545
337	35.316513	246.513306
338	35.365902	246.934204
339	35.369514	247.207428
340	35.21381	247.68869
341	35.251408	247.663666
342	35.203941	247.921509
343	35.217178	248.869278
344	35.138329	249.205963
345	35.105457	249.194855
346	35.306431	249.918091
347	35.265549	249.997589
348	35.252296	249.528854
349	35.358845	249.660675
350	35.376179	249.878281
351	35.340893	250.174438
352	35.282608	250.653427
353	35.241142	250.922287
354	35.275257	251.162979
355	35.31609	251.296539
356	35.280315	251.41539
357	35.280518	251.993256
358	35.268509	252.047211
359	35.27639	252.377075
360	35.255554	252.701385
361	35.283604	252.835953
362	35.270882	252.903244
363	35.211327	253.420151
364	35.210518	253.623535
365	35.167564	253.57605
366	35.210815	253.794556
367	35.184452	253.887726
368	35.116619	254.169128
369	35.162312	254.567078
370	35.15472	255.010529
371	35.115543	255.095825
372	35.137539	255.126556
373	35.146507	255.369476
374	35.102467	255.585693
375	35.106678	255.561249
376	35.097488	255.900024
377	35.070179	256.181915
378	35.060844	256.512939
379	35.044044	256.592407
380	35.055103	256.602051
381	35.092945	257.082458
382	35.179897	257.419434
383	35.154449	257.10376
384	35.096802	257.347076
385	35.115711	257.665771
386	35.076427	257.665985
387	35.083939	258.066467
388	35.192383	258.235107
389	35.171436	258.154663
390	35.282829	258.272339
391	35.297428	258.572388
392	35.212303	258.920593
393	35.224823	259.177765
394	35.270569	259.295532
395	35.250336	259.346954
396	35.271629	259.562286
397	35.303677	259.796265
398	35.302589	259.991821
399	35.266571	260.219147
400	35.327862	260.434387
401	35.320255	260.773224
402	35.285835	261.159241
403	35.276516	261.281525
404	35.319332	261.397095
405	35.321186	261.548401
406	35.254444	261.71167
407	35.252522	261.86264
408	35.267002	261.922333
409	35.305973	262.267487
410	35.293106	262.531433
411	35.276905	262.511261
412	35.362854	262.821014
413	35.341206	263.119141
414	35.292072	263.13858
415	35.343445	263.391541
416	35.339729	263.463379
417	35.299667	263.571503
418	35.306915	263.706573
419	35.325642	264.052307
420	35.375099	264.207275
421	35.395672	264.247406
422	35.402008	264.474487
423	35.352329	264.552002
424	35.36768	264.76767
425	35.371922	265.062653
426	35.410728	265.015137
427	35.446609	265.222137
428	35.468651	265.39386
429	35.452099	265.502167
430	35.527813	265.832275
431	35.572392	266.021851
432	35.515514	266.175446
433	35.480865	266.14386
434	35.520187	266.309998
435	35.54673	266.479309
436	35.601803	266.724182
437	35.578751	266.799255
438	35.621132	267.176025
439	35.681351	267.47699
440	35.653843	267.375214
441	35.68148	267.610535
442	35.705734	267.915009
443	35.675743	268.002777
444	35.753925	268.251404
445	35.765091	268.37738
446	35.762024	268.493958
447	35.755039	268.515167
448	35.776726	268.820923
449	35.832245	269.042542
450	35.792786	269.069977
451	35.828533	269.350525
452	35.841072	269.495239
453	35.886673	269.526398
454	35.90678	269.764099
455	35.896648	269.889465
456	35.881306	-89.920929
457	35.925648	-89.799744
458	35.971546	-89.445618
459	35.929596	-89.317383
460	35.957111	-89.27951
461	35.974724	-89.007568
462	35.96925	-88.839783
463	36.017376	-88.704834
464	36.011002	-88.486298
465	36.016491	-88.303253
466	36.021099	-88.27002
467	36.088287	-88.217377
468	36.104343	-87.90094
469	36.097092	-87.59729
470	36.154266	-87.592712
471	36.143486	-87.454712
472	36.099468	-87.31601
473	36.123646	-87.117706
474	36.164608	-86.844666
475	36.163788	-86.667542
476	36.148525	-86.598999
477	36.177067	-86.575073
478	36.180836	-86.191345
479	36.203724	-85.990112
480	36.221931	-85.998901
481	36.202438	-85.677582
482	36.207104	-85.513123
483	36.257088	-85.377563
484	36.274754	-85.319855
485	36.280724	-85.16449
486	36.279526	-85.085999
487	36.283916	-84.917816
488	36.301182	-84.734985
489	36.307941	-84.534515
490	36.304829	-84.272858
491	36.350357	-84.080017
492	36.363213	-84.06131
493	36.36739	-83.940369
494	36.399326	-83.833038
495	36.375313	-83.628662
496	36.335415	-83.383514
497	36.336178	-83.161377
498	36.395275	-83.141968
499	36.418938	-83.11264
500	36.420185	-83.004578
501	36.378574	-82.810272
502	36.360413	-82.502197
503	36.43676	-82.333557
504	36.46891	-82.245239
505	36.454411	-82.015869
506	36.452251	-81.982056
507	36.445721	-81.865723
508	36.461342	-81.694824
509	36.469341	-81.465973
510	36.447285	-81.229431
511	36.504734	-81.322083
512	36.575748	-81.1474
513	36.55368	-81.064148
514	36.537148	-80.853027
515	36.528408	-80.733551
516	36.549526	-80.506104
517	36.542095	-80.163025
518	36.527901	-80.17691
519	36.533653	-80.080322
520	36.525421	-79.885925
521	36.537617	-79.565918
522	36.619225	-79.551453
523	36.610516	-79.592285
524	36.56176	-79.175934
525	36.601013	-79.08429
526	36.560921	-78.883301
527	36.611507	-78.681396
528	36.652828	-78.576019
529	36.643089	-78.652313
530	36.649914	-78.549377
531	36.664558	-78.390106
532	36.668137	-78.118591
533	36.639874	-77.904266
534	36.65197	-77.761688
535	36.653893	-77.875763
536	36.711372	-77.717682
537	36.719498	-77.516846
538	36.70586	-77.529694
539	36.72369	-77.405884
540	36.705669	-77.192566
541	36.674179	-77.049866
542	36.721424	-76.969757
543	36.789314	-76.776154
544	36.748947	-76.593872
545	36.656925	-76.571991
546	36.640316	-76.550537
547	36.664471	-76.323975
548	36.722183	-76.181
549	36.740726	-76.165558
550	36.763512	-75.959839
551	36.744144	-75.747864
552	36.765137	-75.524963
553	36.814625	-75.315796
554	36.82349	-75.165039
555	36.800224	-75.260864
556	36.824623	-74.950226
557	36.791565	-74.796204
558	36.791286	-74.763428
559	36.845322	-74.636871
560	36.763371	-74.608276
561	36.796364	-74.562134
562	36.826675	-74.397949
563	36.777012	-74.135986
564	36.813805	-74.067352
565	36.813465	-73.801025
566	36.804909	-73.582611
567	36.801895	-73.659698
568	36.785542	-73.636383
569	36.855343	-73.314087
570	36.857861	-73.034973
571	36.792145	-73.130859
572	36.815453	-73.013733
573	36.855072	-72.886261
574	36.873386	-72.940155
575	36.822365	-72.921906
576	36.789654	-72.863373
577	36.816601	-72.767517
578	36.857796	-72.69397
579	36.871162	-72.400177
580	36.892475	-71.985626
581	36.87767	-71.908539
582	36.885883	-71.929047
583	36.915833	-71.939148
584	36.903725	-71.767029
585	36.95314	-71.904968
586	36.926113	-71.624237
587	36.897243	-71.438171
588	36.867687	-71.257141
589	36.906879	-71.061554
590	36.886463	-71.206055
591	36.973911	-71.048187
592	36.98782	-70.743408
593	36.935066	-70.640686
594	36.921272	-70.546021
595	36.850494	-70.336365
596	36.902176	-70.33371
597	36.978207	-70.545959
598	36.993473	-70.355103
599	36.937553	-70.026428
600	36.963356	-69.896301
601	36.993462	-70.006897
602	36.955585	-69.800842
603	36.94125	-69.460754
604	36.974144	-69.399872
605	36.948509	-69.267426
606	36.914459	-69.083557
607	36.980709	-69.047729
608	36.983124	-69.006958
609	36.937271	-68.894592
610	36.981911	-68.897614
611	37.074287	-68.871429
612	37.068115	-68.584595
613	37.012558	-68.371094
614	37.010193	-68.460419
615	37.0145	-68.197754
616	36.990406	-68.015106
617	37.018871	-68.088348
618	36.977577	-67.929565
619	36.993599	-67.426331
620	36.993393	-67.47583
621	37.026997	-67.878174
622	37.042404	-67.644897
623	37.052254	-67.219879
624	37.000427	-67.335602
625	37.028976	-67.728729
626	37.03273	-67.076416
627	37.047409	-67.011963
628	37.084282	-67.063446
629	37.097729	-66.59079
630	37.112675	-66.584106
631	37.070858	-66.763885
632	37.008461	-66.500031
633	37.022991	-66.338196
634	37.090305	-66.468994
635	37.090809	-66.445892
636	37.032505	-66.049622
637	37.060112	-66.102631
638	37.023163	-66.089691
639	37.018978	-65.777283
640	37.110088	-65.747986
641	37.071461	-65.956909
642	37.085464	-65.806091
643	37.060795	-65.50235
644	37.134109	-65.258636
645	37.123631	-65.205597
646	37.079201	-65.222107
647	37.133499	-65.204498
648	37.123734	-65.186554
649	37.028439	-65.262146
650	37.092598	-65.102966
651	37.096058	-64.738342
652	37.100769	-64.562561
653	37.075928	-64.72818
654	37.188347	-64.597046
655	37.205471	-64.202515
656	37.081837	-64.146484
657	37.070347	-64.032837
658	37.050133	-64.162567
659	37.082127	-64.31543
660	37.08812	-63.712402
661	37.162262	-63.576874
662	37.173901	-63.742218
663	37.123432	-63.564972
664	37.189793	-63.723663
665	37.18969	-63.52771
666	37.125351	-63.446106
667	37.10162	-63.48233
668	37.240337	-62.970398
669	37.158001	-62.888947
670	37.082729	-62.92218
671	37.128872	-62.994629
672	37.118492	-62.765106
673	37.159332	-62.616089
674	37.211773	-62.609589
675	37.205761	-62.436371
676	37.14164	-62.382324
677	37.094883	-62.353027
678	37.103886	-62.411255
679	37.208771	-62.438721
680	37.153091	-62.212402
681	37.189854	-62.201172
682	37.147301	-62.042236
683	37.236328	-61.901031
684	37.264164	-61.704254
685	37.203457	-61.602234
686	37.242558	-61.67572
687	37.231613	-61.637604
688	37.195919	-61.60434
689	37.193256	-61.304047
690	37.212177	-61.268463
691	37.172668	-61.098114
692	37.24424	-61.1521
693	37.281963	-61.003418
694	37.298168	-60.953217
695	37.229454	-60.551208
696	37.293583	-60.763123
697	37.297466	-60.828003
698	37.286133	-60.589966
699	37.31617	-60.483185
700	37.347507	-60.163727
701	37.260017	-60.401367
702	37.103531	-60.62619
703	37.250965	-60.177063
704	37.264965	-60.200928
705	37.283943	-60.542297
706	37.325806	-59.920013
707	37.277813	-59.526123
708	37.267262	-60.010498
709	37.215019	-59.52356
710	37.322735	-59.792145
711	37.224018	-60.104889
712	37.172649	-59.470825
713	37.26252	-59.320313
714	37.24316	-59.387634
715	37.239891	-59.291351
716	37.319523	-59.309631
717	37.325233	-59.290405
718	37.309124	-59.073853
719	37.280182	-58.894714
720	37.353584	-58.924988
721	37.449539	-59.119293
722	37.315689	-58.709381
723	37.2673	-58.87381
724	37.167385	-58.970001
725	37.348454	-58.673126
726	37.393787	-58.473389
727	37.296024	-58.042023
728	37.379322	-58.239197
729	37.339436	-58.345337
730	37.260387	-58.097809
731	37.182911	-57.695435
732	37.240387	-57.50647
733	37.315605	-57.980133
734	37.356148	-58.062988
735	37.274418	-57.750244
736	37.220215	-57.622803
737	37.285965	-57.940613
738	37.379475	-57.772461
739	37.39537	-57.373108
740	37.310604	-57.047729
741	37.359119	-57.167786
742	37.377361	-57.286957
743	37.276451	-57.160797
744	37.279976	-56.668488
745	37.327236	-56.595795
746	37.349251	-56.648376
747	37.365921	-56.779755
748	37.385254	-56.796051
749	37.399315	-56.545776
750	37.306389	-56.471405
751	37.257954	-56.245453
752	37.396271	-56.042267
753	37.398335	-56.384613
754	37.282791	-56.365448
755	37.307758	-56.233521
756	37.347057	-56.087494
757	37.43037	-55.700623
758	37.355072	-56.258392
759	37.227142	-55.760986
760	37.340839	-55.818481
761	37.388714	-55.876495
762	37.416809	-55.973328
763	37.308601	-55.877258
764	37.347145	-55.755249
765	37.390129	-55.516357
766	37.427505	-55.377838
767	37.42654	-55.253113
768	37.465099	-55.051697
769	37.434639	-55.177429
770	37.488632	-55.41394
771	37.591946	-55.20932
772	37.403385	-54.935913
773	37.417255	-54.887329
774	37.558529	-54.635406
775	37.42511	-55.181274
776	37.310207	-55.115112
777	37.361984	-54.350189
778	37.390594	-54.823944
779	37.257362	-54.813354
780	37.447803	-54.242157
781	37.539989	-54.581757
782	37.383499	-54.276245
783	37.553589	-53.876953
784	37.500744	-54.3302
785	37.416279	-54.255829
786	37.36549	-53.5672
787	37.397579	-53.92691
788	37.376072	-53.897675
789	37.341137	-53.632507
790	37.530823	-54.333527
791	37.466034	-53.931702
792	37.484905	-53.943024
793	37.525326	-53.846954
794	37.367912	-53.539886
795	37.407356	-53.1315
796	37.437805	-53.190491
797	37.475719	-53.547302
798	37.55529	-53.106262
799	37.496082	-53.183075
800	37.495625	-53.095581
801	37.486107	-52.815247
802	37.402275	-52.851868
803	37.647171	-52.817322
804	37.596134	-52.899323
805	37.323692	-52.533325
806	37.586578	-53.031738
807	37.594208	-53.271515
808	37.541069	-52.591919
809	37.453243	-52.782074
810	37.559639	-52.637207
811	37.606319	-52.619995
812	37.45908	-52.095154
813	37.519245	-52.861267
814	37.554806	-52.719238
815	37.358688	-52.414154
816	37.475075	-51.972748
817	37.495468	-52.397003
818	37.358246	-52.47934
819	37.362907	-52.21402
820	37.465717	-52.15918
821	37.435833	-51.820129
822	37.424381	-52.058868
823	37.434444	-52.008301
824	37.508804	-51.810669
825	37.571625	-51.708557
826	37.586922	-51.616241
827	37.533791	-51.631683
828	37.499447	-51.537384
829	37.538609	-51.527924
830	37.578976	-51.358459
831	37.626106	-51.244293
832	37.581108	-51.323669
833	37.501656	-51.074402
834	37.49939	-51.163605
835	37.502182	-51.060455
836	37.589481	-51.106567
837	37.643173	-51.142242
838	37.617577	-50.932892
839	37.509678	-50.550262
840	37.427059	-50.525024
841	37.462833	-50.446289
842	37.458405	-50.576965
843	37.612648	-50.47879
844	37.549656	-50.938873
845	37.513302	-50.772278
846	37.625179	-50.003418
847	37.321785	-49.774353
848	37.459576	-50.192047
849	37.556633	-50.296082
850	37.533241	-49.577393
851	37.605721	-49.866547
852	37.467865	-50.188019
853	37.556744	-50.018372
854	37.45911	-49.986572
855	37.370968	-50.704285
856	37.355286	-49.652344
857	37.484959	-49.145844
858	37.628578	-49.815521
859	37.779549	-49.836487
860	37.532169	-50.384064
861	37.502178	-49.550995
862	37.575924	-49.553955
863	37.611713	-49.818115
864	37.666965	-49.959198
865	37.590641	-49.233948
866	37.620346	-48.840698
867	37.572636	-48.892151
868	37.474571	-49.021729
869	37.462532	-49.401489
870	37.505634	-49.095062
871	37.63969	-49.366089
872	37.677216	-49.375183
873	37.559402	-49.159668
874	37.491627	-49.282928
875	37.535847	-49.175964
876	37.572655	-48.999756
877	37.569542	-49.27417
878	37.670055	-48.770599
879	37.595863	-48.713928
880	37.565639	-48.58667
881	37.543324	-48.658417
882	37.579758	-48.658905
883	37.632954	-48.452637
884	37.677841	-48.400635
885	37.703766	-48.30014
886	37.672901	-48.279083
887	37.674713	-48.20282
888	37.673775	-48.119537
889	37.645943	-48.022339
890	37.641491	-48.440338
891	37.588203	-48.273865
892	37.589355	-47.720093
893	37.60677	-48.009827
894	37.653328	-47.871063
895	37.65696	-47.68631
896	37.630432	-47.906036
897	37.705669	-47.733398
898	37.719177	-47.699615
899	37.684879	-47.667206
900	37.684891	-47.684631
901	37.635647	-47.658264
902	37.595531	-47.651703
903	37.598633	-47.64325
904	37.606831	-47.304291
905	37.621288	-47.2742
906	37.7075	-47.443787
907	37.736225	-47.284821
908	37.746685	-47.19455
909	37.71751	-47.113861
910	37.682709	-47.297485
911	37.639915	-47.237
912	37.666096	-46.669525
913	37.611137	-46.74765
914	37.650993	-47.136688
915	37.587856	-46.876007
916	37.650036	-46.695801
917	37.688309	-46.89032
918	37.7299	-46.813019
919	37.737976	-46.62204
920	37.764458	-46.580688
921	37.802052	-46.481598
922	37.722649	-46.511871
923	37.681461	-46.40625
924	37.708115	-46.236389
925	37.699574	-46.254822
926	37.671494	-46.46579
927	37.638378	-46.523743
928	37.645386	-46.030029
929	37.583519	-45.77417
930	37.667904	-45.967987
931	37.579903	-46.711731
932	37.632999	-46.016144
933	37.775337	-45.722076
934	37.643669	-45.813477
935	37.592731	-46.025909
936	37.773224	-45.696228
937	37.574497	-45.512573
938	37.643524	-45.653961
939	37.658108	-45.546356
940	37.761246	-45.977936
941	37.736778	-45.593079
942	37.741989	-45.490601
943	37.793743	-45.231964
944	37.723446	-45.178101
945	37.720047	-45.780945
946	37.697689	-45.540161
947	37.750408	-45.384247
948	37.721767	-45.107849
949	37.801666	-45.414673
950	37.745731	-45.210907
951	37.7705	-44.971863
952	37.780457	-45.416321
953	37.780361	-45.521606
954	37.726196	-45.486359
955	37.755848	-45.632233
956	37.861992	-45.222748
957	37.812206	-44.841858
958	37.738762	-45.366608
959	37.736237	-45.128357
960	37.74437	-44.520905
961	37.70425	-43.990936
962	37.765926	-44.522217
963	37.974987	-45.131165
964	37.78846	-45.088959
965	37.749615	-44.86676
966	37.57761	-44.580719
967	37.707249	-44.902069
968	37.627373	-45.074829
969	37.605061	-44.675598
970	37.76107	-44.541443
971	37.842064	-44.288635
972	37.808334	-44.727722
973	37.696655	-44.053955
974	37.805386	-44.063354
975	37.74184	-44.063416
976	37.699966	-44.274536
977	37.788818	-44.242981
978	37.804043	-43.871399
979	37.718281	-44.326538
980	37.710018	-44.107483
981	37.784225	-43.823792
982	37.792995	-43.637329
983	37.850609	-43.571411
984	37.861824	-43.812744
985	37.742386	-43.675232
986	37.73003	-43.490112
987	37.878502	-43.641937
988	37.803417	-43.30069
989	37.722347	-43.653809
990	37.928574	-44.182098
991	38.011562	-43.596069
992	37.708946	-43.722229
993	37.743904	-43.485626
994	37.7868	-43.183441
995	37.854927	-43.308655
996	37.873745	-43.139496
997	37.881981	-43.24588
998	37.865948	-43.275848
999	37.925003	-42.741974
1000	37.798893	-43.067535
1006	37.80954	-42.862946
1012	37.854336	-42.537781
1018	37.814167	-42.243835
1024	37.822819	-42.13208
1030	37.757378	-41.824158
1036	37.806366	-41.75296
1042	37.805534	-41.282867
1048	37.877243	-41.085693
1054	37.93552	-40.796234
1060	37.894295	-40.734772
1066	37.841564	-40.532318
1072	37.844551	-40.403107
1078	37.864014	-40.126099
1084	37.944286	-39.899841
1090	37.924145	-39.777466
1096	37.938541	-39.684082
1102	37.907314	-39.150085
1108	37.947536	-38.935638
1114	37.925098	-38.813995
1120	37.939259	-38.792053
1126	37.903847	-38.789185
1132	37.946064	-38.326569
1138	37.920132	-38.122314
1144	37.896206	-37.950775
1150	37.993835	-37.69458
1156	37.995491	-37.772797
1162	37.979595	-37.550262
1168	38.020313	-37.202118
1174	38.040974	-36.733551
1180	38.091984	-36.760101
1186	38.091946	-36.545563
1192	38.075256	-36.458313
1198	38.031029	-36.208466
1204	38.083382	-36.188324
1210	37.995911	-35.763092
1216	38.095516	-35.465759
1222	38.18948	-35.443298
1228	38.127583	-35.207947
1234	38.093765	-34.960327
1240	38.085968	-35.214203
1246	38.113037	-34.922363
1252	38.064274	-34.515015
1258	38.151711	-34.420135
1264	38.097145	-34.497131
1270	38.110172	-34.349304
1276	38.129963	-34.14444
1282	38.155552	-33.883148
1288	38.132305	-33.730133
1294	38.105293	-33.576172
1300	38.095028	-33.385559
1306	38.117481	-33.321259
1312	38.138683	-33.011108
1318	38.160728	-33.050812
1324	38.129875	-33.321198
1330	38.132641	-32.834412
1336	38.129223	-32.683502
1342	38.206154	-32.636536
1348	38.233528	-32.626648
1354	38.252235	-32.085144
1360	38.200695	-31.972046
1366	38.192421	-31.914063
1372	38.242306	-31.788635
1378	38.252712	-31.718903
1384	38.21896	-31.643951
1390	38.217777	-31.381622
1396	38.273697	-31.096893
1402	38.281528	-31.063782
1408	38.268471	-30.999542
1414	38.295494	-30.941193
1420	38.237804	-30.698822
1426	38.313725	-30.548218
1432	38.321964	-30.426849
1438	38.285427	-30.48175
1444	38.310379	-30.200165
1450	38.279194	-30.269135
1456	38.293053	-30.188385
1462	38.306042	-29.865417
1468	38.337151	-29.733887
1474	38.359104	-29.676025
1480	38.363674	-29.580078
1486	38.378983	-29.607269
1492	38.35099	-29.469788
1498	38.348675	-29.094971
1504	38.372528	-29.05954
1510	38.394489	-28.895935
1516	38.326313	-28.721283
1522	38.318184	-28.858124
1528	38.344532	-28.849823
1534	38.321632	-28.494446
1540	38.371067	-28.580597
1546	38.410542	-28.253387
1552	38.347603	-28.39743
1558	38.372536	-28.187164
1564	38.373032	-28.267426
1570	38.376396	-28.16803
1576	38.38271	-27.808105
1582	38.333157	-27.829803
1588	38.341908	-27.429199
1594	38.359928	-27.585083
1600	38.406013	-27.580627
1606	38.44334	-27.446411
1612	38.441872	-27.180786
1618	38.427757	-26.997314
1624	38.432152	-27.11557
1630	38.336349	-26.960297
1636	38.372993	-26.798004
1642	38.413857	-26.834198
1648	38.439468	-26.713898
1654	38.458645	-26.489838
1660	38.476761	-26.380981
1666	38.477577	-26.454102
1672	38.487629	-26.318939
1678	38.412666	-26.376251
1684	38.442497	-26.22168
1690	38.483562	-26.132385
1696	38.490765	-26.152954
1702	38.515053	-25.95694
1708	38.48782	-25.737122
1714	38.491604	-25.837463
1720	38.487156	-25.715424
1726	38.456257	-25.585358
1732	38.441639	-25.541901
1738	38.49955	-25.486176
1744	38.513786	-25.541412
1750	38.535164	-25.316864
1756	38.497341	-25.152374
1762	38.438923	-25.098297
1768	38.423794	-25.023956
1774	38.496189	-24.731812
1780	38.61977	-24.447235
1786	38.529915	-24.555603
1792	38.5709	-24.520203
1798	38.605122	-24.533752
1804	38.546349	-24.528931
1810	38.481117	-24.143982
1816	38.543285	-24.180939
1822	38.60183	-23.987274
1828	38.607182	-24.147156
1834	38.587231	-24.047577
1840	38.579239	-23.660248
1846	38.599518	-24.087524
1852	38.545586	-23.815674
1858	38.633232	-23.901001
1864	38.643974	-23.713257
1870	38.544235	-23.537842
1876	38.440746	-23.534943
1882	38.536541	-23.164276
1888	38.557209	-23.2211
1894	38.650738	-23.237305
1900	38.646713	-23.234406
1906	38.62149	-23.16272
1912	38.684456	-23.048218
1918	38.682816	-23.297211
1924	38.623955	-23.19278
1930	38.688862	-22.884155
1936	38.677837	-22.547638
1942	38.599689	-22.379028
1948	38.582558	-22.483551
1954	38.590164	-22.455322
1960	38.585533	-22.797333
1966	38.59621	-22.558868
1972	38.621944	-22.330566
1978	38.625	-22.265961
1984	38.573387	-22.131287
1990	38.642506	-22.054382
1996	38.748463	-22.387512
2002	38.677505	-22.272522
2008	38.622494	-21.97995
2014	38.63945	-21.783783
2020	38.62973	-21.780273
2026	38.769257	-21.888184
2032	38.715225	-21.731476
2038	38.730572	-21.377289
2044	38.748772	-21.374939
2050	38.745129	-21.635895
2056	38.797832	-21.292084
2062	38.728111	-21.763062
2068	38.783855	-21.283173
2074	38.809872	-21.093048
2080	38.81057	-21.111176
2086	38.788506	-21.144958
2092	38.732803	-21.155029
2098	38.704247	-21.238983
2104	38.697449	-20.900726
2110	38.81715	-20.835388
2116	38.824772	-20.733887
2122	38.735809	-20.883728
2128	38.715981	-21.387177
2134	38.759251	-20.536865
2140	38.716053	-20.23584
2146	38.764526	-20.288452
2152	38.817486	-20.61441
2158	38.81403	-20.716583
2164	38.77124	-20.501801
2170	38.787933	-20.618103
2176	38.769569	-20.594238
2182	38.811371	-20.185211
2188	38.8498	-19.922699
2194	38.860882	-19.933746
2200	38.855152	-19.94278
2206	38.864037	-19.826996
2212	38.899212	-20.126251
2218	38.811314	-20.167419
2224	38.920956	-19.938904
2230	38.981754	-19.779572
2236	38.788227	-19.028625
2242	38.756771	-19.090546
2248	38.831009	-19.91983
2254	38.610531	-19.781891
2260	38.956551	-19.407166
2266	38.980888	-18.789307
2272	38.750412	-19.301422
2278	38.919201	-19.494263
2284	39.034195	-19.564484
2290	39.075161	-18.978394
2296	39.006088	-18.665649
2302	38.80727	-19.115967
2308	38.81163	-18.51001
2314	38.853649	-18.619415
2320	39.11697	-18.892761
2326	39.011303	-18.682739
2332	38.971478	-18.484344
2338	38.961422	-18.4552
2344	38.927872	-18.583954
2350	38.825951	-18.639099
2356	38.794601	-18.613312
2362	38.86507	-18.089752
2368	38.887146	-17.480652
2374	38.859985	-18.14624
2380	38.735588	-17.403534
2386	39.070751	-18.547028
2392	39.17981	-18.241882
2398	39.077026	-18.242279
2404	39.113457	-17.934326
2410	38.849155	-17.866699
2416	39.193001	-16.868927
2422	39.008812	-17.977509
2428	39.058014	-17.519592
2434	39.098194	-18.091064
2440	39.102531	-17.897583
2446	38.94603	-17.735687
2452	39.076794	-17.246338
2458	39.063839	-17.827789
2464	39.151474	-17.715454
2470	39.204571	-17.326508
2476	39.290245	-17.934265
2482	39.002659	-17.042816
2488	39.195538	-16.407593
2494	38.817158	-16.687164
2500	38.812298	-16.94397
